13 36
10 30
14 37
15 38
16 39
15 33
16 40
13 37
15 38
13 35
12 35
14 43
13 36
12 39
16 40
13 36
15 44
16 36
18 36
10 36
12 33
14 38
14 33
14 41
15 37
15 38
16 33
17 39
14 35
12 40
13 37
12 39
14 41
10 36
14 38
11 35
13 32
16 44
13 36
11 29
18 37
13 37
13 33
12 38
13 30
12 36
15 43
16 39
10 33
9 28
15 41
13 39
12 32
12 37
17 35
11 32
10 34
15 38
15 30
17 43
12 35
17 46
10 28
14 29
15 38
15 33
15 41
16 40
15 39
15 39
15 41
18 42
13 34
11 29
12 34
15 39
13 40
11 31
15 36
18 45
14 39
15 39
14 36
16 40
12 35
13 35
14 37
14 41
14 38
14 31
12 31
17 41
17 36
14 37
12 35
13 35
18 46
12 33
13 37
17 37
13 36
16 42
15 32
12 32
15 34
11 36
13 36
14 38
15 41
13 32
16 40
15 39
12 29
13 35
10 32
14 39
15 41
13 41
10 26
14 37
15 38
11 37
14 32
16 39
13 31
13 39
14 33
15 39
12 31
12 38
11 38
12 37
14 39
13 36
17 43
13 36
14 33
17 35
17 39
12 32
10 24
13 37
14 38
12 35
13 35
13 37
16 36
13 38
10 30
14 38
10 36
15 38
10 28
18 41
14 31
9 26
11 31
14 41
15 39
16 39
12 36
13 36
15 39
16 38
14 38
13 39
14 39
12 39
12 35
11 30
14 35
13 40
16 42
16 38
10 33
14 36
15 36
14 39
14 37
12 35
13 34
10 34
10 31
15 37
14 41
12 32
13 36
13 39
14 36
12 31
12 32
8 25
12 35
9 32
10 32
12 34
14 35
13 41
10 30
16 41
